myCorrect

[0.5342465753424658,
 0.4657534246575342,
 0.41025641025641024,
 0.4736842105263158,
 0.5,
 0.5064935064935066,
 0.5,
 0.452054794520548,
 0.4722222222222222,
 0.5135135135135135,
 0.5,
 0.5945945945945945,
 0.46153846153846156,
 0.5,
 0.4473684210526315,
 0.5,
 0.48684210526315785,
 0.43243243243243246,
 0.4473684210526315,
 0.452054794520548,
 0.5,
 0.45945945945945943,
 0.5,
 0.4933333333333333,
 0.4473684210526315,
 0.4444444444444444,
 0.3802816901408451,
 0.5138888888888888,
 0.5405405405405406,
 0.5405405405405406,
 0.4473684210526315,
 0.5405405405405406,
 0.43999999999999995,
 0.5,
 0.6986301369863014,
 0.5068493150684932,
 0.5526315789473684,
 0.5205479452054795,
 0.5,
 0.4864864864864865,
 0.5945945945945945,
 0.4794520547945206,
 0.5277777777777778,
 0.5068493150684932,
 0.5,
 0.5789473684210527,
 0.64,
 0.381578947368421,
 0.5945945945945945,
 0.6056338028169015,
 0.452054794520548,
 0.43243243243243246,
 0.5070422535211268,
 0.4794520547945206,
 0.5405405405405406,
 0.4931506849315068,
 0.472972972972973,
 0.46478873239436624,
 0.6056338028169015,
 0.4473684210526315,
 0.43661971830985913,
 0.589041095890411,
 0.3972602739726028,
 0.5064935064935066,
 0.5066666666666666,
 0.6164383561643836,
 0.5492957746478873,
 0.38888888888888884,
 0.5135135135135135,
 0.6623376623376623,
 0.5,
 0.5068493150684932,
 0.5070422535211268,
 0.5405405405405406,
 0.6363636363636364,
 0.5135135135135135,
 0.6056338028169015,
 0.3802816901408451,
 0.5068493150684932,
 0.5068493150684932,
 0.5733333333333333,
 0.5945945945945945,
 0.41666666666666663,
 0.5384615384615384,
 0.5068493150684932,
 0.5833333333333333,
 0.5263157894736843,
 0.5068493150684932,
 0.5066666666666666,
 0.5277777777777778,
 0.452054794520548,
 0.7142857142857143,
 0.472972972972973,
 0.5526315789473684,
 0.43243243243243246,
 0.43243243243243246,
 0.4933333333333333,
 0.5974025974025974,
 0.527027027027027,
 0.4864864864864865,
 0.4473684210526315,
 0.5068493150684932,
 0.5324675324675325,
 0.41666666666666663,
 0.5135135135135135,
 0.5263157894736843,
 0.452054794520548,
 0.5,
 0.6216216216216216,
 0.6486486486486487,
 0.5844155844155844,
 0.5789473684210527,
 0.5405405405405406,
 0.5945945945945945,
 0.4473684210526315,
 0.4545454545454546,
 0.4657534246575342]

rnaCorrect

[0.5205479452054795,
 0.7397260273972603,
 0.641025641025641,
 0.6973684210526316,
 0.5138888888888888,
 0.6493506493506493,
 0.6388888888888888,
 0.6027397260273972,
 0.7222222222222222,
 0.5135135135135135,
 0.5555555555555556,
 0.6081081081081081,
 0.6666666666666667,
 0.6891891891891893,
 0.6710526315789473,
 0.6111111111111112,
 0.6973684210526316,
 0.7432432432432432,
 0.6710526315789473,
 0.5616438356164384,
 0.75,
 0.6216216216216216,
 0.5138888888888888,
 0.6533333333333333,
 0.7236842105263157,
 0.5555555555555556,
 0.5633802816901409,
 0.5833333333333333,
 0.6216216216216216,
 0.6351351351351351,
 0.736842105263158,
 0.5945945945945945,
 0.6,
 0.6944444444444444,
 0.547945205479452,
 0.4794520547945206,
 0.7105263157894737,
 0.547945205479452,
 0.513157894736842,
 0.6216216216216216,
 0.472972972972973,
 0.547945205479452,
 0.5694444444444444,
 0.4794520547945206,
 0.5945945945945945,
 0.513157894736842,
 0.72,
 0.4736842105263158,
 0.6351351351351351,
 0.704225352112676,
 0.6438356164383562,
 0.6081081081081081,
 0.7183098591549295,
 0.4931506849315068,
 0.6351351351351351,
 0.6164383561643836,
 0.5540540540540541,
 0.7183098591549295,
 0.7183098591549295,
 0.5921052631578947,
 0.704225352112676,
 0.4931506849315068,
 0.726027397260274,
 0.5064935064935066,
 0.6266666666666667,
 0.7397260273972603,
 0.647887323943662,
 0.75,
 0.6891891891891893,
 0.7402597402597403,
 0.6710526315789473,
 0.5342465753424658,
 0.6619718309859155,
 0.5945945945945945,
 0.6233766233766234,
 0.6486486486486487,
 0.6619718309859155,
 0.6901408450704225,
 0.6575342465753424,
 0.6027397260273972,
 0.6533333333333333,
 0.6891891891891893,
 0.625,
 0.6666666666666667,
 0.6164383561643836,
 0.6527777777777778,
 0.6973684210526316,
 0.5342465753424658,
 0.6266666666666667,
 0.7222222222222222,
 0.6027397260273972,
 0.6753246753246753,
 0.5945945945945945,
 0.7105263157894737,
 0.6216216216216216,
 0.5810810810810811,
 0.6799999999999999,
 0.5844155844155844,
 0.5810810810810811,
 0.6216216216216216,
 0.5657894736842105,
 0.4931506849315068,
 0.5844155844155844,
 0.7222222222222222,
 0.5,
 0.631578947368421,
 0.7397260273972603,
 0.7361111111111112,
 0.6081081081081081,
 0.7297297297297297,
 0.6103896103896104,
 0.513157894736842,
 0.5,
 0.6081081081081081,
 0.631578947368421,
 0.5584415584415585,
 0.7397260273972603]
